<!DOCTYPE html>
<html lang="en">
<head>
  <title> HARA KRISHNA </title>
</head>
<body background ="E:\1176\krishna.png">

<h6> 1176  1176 1176 1176 1176 1176  1176 1176 1176 1176 1176 1176 1176 1176 1176 1176 1176 1176 1176 1176 1176 1176 1176 1176 </h6>
<h6> 1176  1176 1176 1176 1176 1176  1176 1176 1176 1176 1176 1176 1176 1176 1176 1176 1176 1176 1176 1176 1176 1176 1176 1176 </h6>
<h6> 1176  1176 1176 1176 1176 1176  1176 1176 1176 1176 1176 1176 1176 1176 1176 1176 1176 1176 1176 1176 1176 1176 1176 1176 </h6>
<h6> 1176  1176 1176 1176 1176 1176  1176 1176 1176 1176 1176 1176 1176 1176 1176 1176 1176 1176 1176 1176 1176 1176 1176 1176 </h6>
<h6> 1176  1176 1176 1176 1176 1176  1176 1176 1176 1176 1176 1176 1176 1176 1176 1176 1176 1176 1176 1176 1176 1176 1176 1176 </h6>
<h6> 1176  1176 1176 1176 1176 1176  1176 1176 1176 1176 1176 1176 1176 1176 1176 1176 1176 1176 1176 1176 1176 1176 1176 1176 </h6>
<h6> 1176  1176 1176 1176 1176 1176  1176 1176 1176 1176 1176 1176 1176 1176 1176 1176 1176 1176 1176 1176 1176 1176 1176 1176 </h6>
<h6> 1176  1176 1176 1176 1176 1176  1176 1176 1176 1176 1176 1176 1176 1176 1176 1176 1176 1176 1176 1176 1176 1176 1176 1176 </h6>
<h6> 1176  1176 1176 1176 1176 1176  1176 1176 1176 1176 1176 1176 1176 1176 1176 1176 1176 1176 1176 1176 1176 1176 1176 1176 </h6>
<h6> 1176  1176 1176 1176 1176 1176  1176 1176 1176 1176 1176 1176 1176 1176 1176 1176 1176 1176 1176 1176 1176 1176 1176 1176 </h6>
<h6> 1176  1176 1176 1176 1176 1176  1176 1176 1176 1176 1176 1176 1176 1176 1176 1176 1176 1176 1176 1176 1176 1176 1176 1176 </h6>
<h6> 1176  1176 1176 1176 1176 1176  1176 1176 1176 1176 1176 1176 1176 1176 1176 1176 1176 1176 1176 1176 1176 1176 1176 1176 </h6>
<h6> 1176  1176 1176 1176 1176 1176  1176 1176 1176 1176 1176 1176 1176 1176 1176 1176 1176 1176 1176 1176 1176 1176 1176 1176 </h6>
<h6> 1176  1176 1176 1176 1176 1176  1176 1176 1176 1176 1176 1176 1176 1176 1176 1176 1176 1176 1176 1176 1176 1176 1176 1176 </h6>
<h6> 1176  1176 1176 1176 1176 1176  1176 1176 1176 1176 1176 1176 1176 1176 1176 1176 1176 1176 1176 1176 1176 1176 1176 1176 </h6>
<h6> 1176  1176 1176 1176 1176 1176  1176 1176 1176 1176 1176 1176 1176 1176 1176 1176 1176 1176 1176 1176 1176 1176 1176 1176 </h6>
<h6> 1176  1176 1176 1176 1176 1176  1176 1176 1176 1176 1176 1176 1176 1176 1176 1176 1176 1176 1176 1176 1176 1176 1176 1176 </h6>
<h6> 1176  1176 1176 1176 1176 1176  1176 1176 1176 1176 1176 1176 1176 1176 1176 1176 1176 1176 1176 1176 1176 1176 1176 1176 </h6>
<h6> 1176  1176 1176 1176 1176 1176  1176 1176 1176 1176 1176 1176 1176 1176 1176 1176 1176 1176 1176 1176 1176 1176 1176 1176 </h6>
<h6> 1176  1176 1176 1176 1176 1176  1176 1176 1176 1176 1176 1176 1176 1176 1176 1176 1176 1176 1176 1176 1176 1176 1176 1176 </h6>

</body>
</html>
